SVID: 01 02 03 04 05 07 08 09 11 12 19 22 24 26 30 
aSqRoot: 0.0175781 0.0175781 0.046875 0.0449219 0.0488281 0.0507812 0.0566406 0.0507812 0.0332031 0.0078125 0.0449219 0.00976562 0.0175781 0.0136719 0.015625 
ecc: 0.000320435 0.000244141 0.000198364 0.000137329 6.10352e-05 0.000228882 0.000213623 0.000289917 0.000305176 0.000167847 0.000137329 0.000442505 0.00012207 0.000259399 3.05176e-05 
deltai: 0.00585938 0.00585938 -0.00769043 -0.00769043 -0.00769043 -0.00769043 -0.00579834 -0.00579834 -0.000610352 -0.000549316 -0.00585938 -0.00170898 0.00506592 -0.00177002 0.00506592 
omega0: -0.338684 -0.338715 0.996735 0.996765 0.996735 0.996735 0.993347 0.993347 0.326294 0.326294 0.995087 0.327881 -0.337341 0.32782 -0.337341 
omegaDot: -1.86265e-09 -1.86265e-09 -1.74623e-09 -1.74623e-09 -1.74623e-09 -1.74623e-09 -1.74623e-09 -1.74623e-09 -1.86265e-09 -1.86265e-09 -1.74623e-09 -1.86265e-09 -1.86265e-09 -1.86265e-09 -1.86265e-09 
w: -0.750366 -0.563568 -0.114349 -0.663147 -0.687592 -0.353729 -0.203156 -0.241577 0.300903 0.101593 -0.825165 0.69577 0.0567322 0.853668 -0.842957 
m0: 0.532288 -0.654755 -0.373901 0.925262 0.378571 -0.634552 -0.533783 0.254425 0.309692 0.755249 -0.733978 -0.526062 -0.707428 0.575836 -0.62854 
af0: -0.000177383 -7.62939e-06 5.14984e-05 0.000108719 0.000406265 0.00015831 0.00672531 0.00699615 0.00181961 0.00254822 1.52588e-05 0.00647354 0.00693703 0.00676155 0.00642967 
af1: -7.27596e-12 0 -3.63798e-12 -7.27596e-12 -7.27596e-12 -7.27596e-12 -7.27596e-12 -1.09139e-11 7.27596e-12 8.36735e-11 0 -3.27418e-11 4.00178e-10 -4.36557e-11 -3.27418e-11 
iod: 5 5 8 8 5 8 8 8 5 5 4 8 8 8 5 
t0a: 454200 454200 456000 456000 454200 456000 456000 456000 454200 454200 453600 456000 456000 456000 454200 
wna: 1 1 1 1 1 1 1 1 1 1 1 1 1 1 1 
statusE5a: 0 0 0 0 0 0 0 0 0 0 0 0 0 0 0 
statusE5b: 0 0 0 0 0 0 0 0 0 0 0 0 0 0 0 
statusE1B: 0 0 0 0 0 0 0 0 0 0 0 0 0 0 0 
